// Aufbau der Datei
//
// Trennzeichen sind der Doppelpunkt, bei Gebäude-IDs dann das Komma
// Doppelpunkt und Komma sind reservierte Zeichen und dürfen nicht anders verwendet werden.
//
// 1. System, in dem das Gebäude stehen soll
// 2. ID des Gebäudes, getrennt durch Komma
//
//          Terra  Han    Khayrin Rothar  Cartar  Omega
//Food:     13x1,  12x108, 13x222, 10x329, 15x438, 11x546
//Industry: 15x14, 15x117, 19x235, 15x342, 12x446, 18x554
//Research:  6x39,  5x146,  4x264,  6x369,  6x480,  5x583
//Titan:     6x54,  6x159,  6x273,  6x383,  6x489,  6x597
//#WorkersB:40     38      42      37      39      39  
//Spacedock:   86,    188,    307,    416,    523,    631
//Bank of Han:        195,       ,       ,       ,
//Barracks       ,       ,       ,       ,    527, 

Terra:1,1,1,1,1,1,1,1,1,1,1,1,1,14,14,14,14,14,14,14,14,14,14,14,14,14,14,14,39,39,39,39,39,39,54,54,54,54,54,54,86
Han:108,108,108,108,108,108,108,108,108,108,108,108,117,117,117,117,117,117,117,117,117,117,117,117,117,117,117,146,146,146,146,146,159,159,159,159,159,159,188,195
Khayrin:222,222,222,222,222,222,222,222,222,222,222,222,222,235,235,235,235,235,235,235,235,235,235,235,235,235,235,235,235,235,235,235,264,264,264,264,273,273,273,273,273,273,307
Rotharius:329,329,329,329,329,329,329,329,329,329,342,342,342,342,342,342,342,342,342,342,342,342,342,342,342,369,369,369,369,369,369,383,383,383,383,383,383,416
Cartar:438,438,438,438,438,438,438,438,438,438,438,438,438,438,438,446,446,446,446,446,446,446,446,446,446,446,446,480,480,480,480,480,480,489,489,489,489,489,489,523,527
Omega Alpha:546,546,546,546,546,546,546,546,546,546,546,554,554,554,554,554,554,554,554,554,554,554,554,554,554,554,554,554,554,583,583,583,583,583,597,597,597,597,597,597,631
