// Aufbau der Datei - Tech14MOD
//
// Trennzeichen sind der Doppelpunkt, bei Gebäude-IDs dann das Komma
// Doppelpunkt und Komma sind reservierte Zeichen und dürfen nicht anders verwendet werden.
//
// 1. System, in dem das Gebäude stehen soll
// 2. ID des Gebäudes, getrennt durch Komma
//
//          Terra  Han    Khayrin Rothar  Cartar  Omega
//Food:     13x1,  12x119, 13x244, 10x362, 15x481, 11x600
//Industry: 15x13, 15x131, 19x256, 15x373, 12x492, 18x609
//Research:  6x39,  5x157,  4x282,  6x401,  6x519,  5x635
//Titan:     6x53,  6x169,  6x294,  6x414,  6x531,  6x648
//#WorkersB:41     38      42      37      39      39  
//Spacedock:   92,    212,    335,    454,    572,    688
//Bank of Han:        205,

Terra:1,1,1,1,1,1,1,1,1,1,1,1,1,1,13,13,13,13,13,13,13,13,13,13,13,13,13,13,13,39,39,39,39,39,39,53,53,53,53,53,53,92
Han:119,119,119,119,119,119,119,119,119,119,119,119,131,131,131,131,131,131,131,131,131,131,131,131,131,131,131,157,157,157,157,157,169,169,169,169,169,169,205,212
Khayrin:244,244,244,244,244,244,244,244,244,244,244,244,244,256,256,256,256,256,256,256,256,256,256,256,256,256,256,256,256,256,256,256,282,282,282,282,294,294,294,294,294,294,335
Rotharius:362,362,362,362,362,362,362,362,362,362,373,373,373,373,373,373,373,373,373,373,373,373,373,373,373,401,401,401,401,401,401,414,414,414,414,414,414,454
Cartar:481,481,481,481,481,481,481,481,481,481,481,481,481,481,481,492,492,492,492,492,492,492,492,492,492,492,492,519,519,519,519,519,519,531,531,531,531,531,531,531,572
Omega Alpha:600,600,600,600,600,600,600,600,600,600,600,609,609,609,609,609,609,609,609,609,609,609,609,609,609,609,609,609,609,635,635,635,635,635,648,648,648,648,648,648,688
